#ID RA          DEC
  1 065.6765417 -12.6140389
  2 066.2602083 -14.6163667
  3 066.5462917 -12.6751167
  4 066.9134583 -11.7259083
  5 066.9366250 -12.0337944
  6 067.0195417 -14.7636361
  7 067.1884583 -12.5088111
  8 067.2489167 -12.2249139
  9 067.3167917 -12.8819528
 10 067.3615000 -12.5490250
 11 067.3685000 -12.8160278
 12 067.3707500 -12.9632528
 13 067.3805833 -13.3049806
 14 067.4137917 -12.7070778
 15 067.4192083 -12.7588306
 16 067.4221667 -12.9740750
 17 067.4300000 -13.6550861
 18 067.4311250 -13.4869111
 19 067.4359583 -12.8886917
 20 067.4370000 -12.1445333
 21 067.4467083 -12.5041333
 22 067.4539167 -13.2892917
 23 067.4569583 -12.5057278
 24 067.4642500 -12.9556194
 25 067.4648333 -12.6108417
 26 067.4649167 -12.9837139
 27 067.4741250 -12.8533556
 28 067.4783750 -12.0691528
 29 067.4864583 -12.6681278
 30 067.4970417 -13.3291028
 31 067.4986250 -12.4079083
 32 067.5087917 -12.7340944
 33 067.5237917 -14.1971694
 34 067.5345000 -12.9310778
 35 067.5364167 -13.3299139
 36 067.5509583 -12.8483167
 37 067.5540833 -13.4500139
 38 067.5565833 -12.3695417
 39 067.5625000 -13.6306472
 40 067.5734167 -12.9624083
 41 067.5767083 -13.5295694
 42 067.5786667 -13.8035444
 43 067.5821250 -14.1389667
 44 067.5847917 -13.2466583
 45 067.5946250 -12.0574444
 46 067.6026667 -12.8017528
 47 067.6045833 -12.0950861
 48 067.6115417 -13.8739472
 49 067.6127917 -12.1428917
 50 067.6175833 -12.5773944
 51 067.6248750 -12.4604833
 52 067.6319167 -13.9512639
 53 067.6469167 -13.1384083
 54 067.6528750 -12.8464389
 55 067.6561250 -12.1678306
 56 067.6583750 -12.0208278
 57 067.6632083 -12.4231917
 58 067.6855417 -12.5349806
 59 067.6880000 -12.6272889
 60 067.6912917 -13.5580389
 61 067.6961667 -12.9273194
 62 067.7024167 -12.2958444
 63 067.7077083 -13.2076028
 64 067.7173333 -12.5339889
 65 067.7180417 -13.3615250
 66 067.7231250 -12.6141861
 67 067.7287917 -13.4490194
 68 067.7373333 -12.5411917
 69 067.7382083 -12.1361722
 70 067.7400000 -13.1940667
 71 067.7476667 -12.7029444
 72 067.7497917 -13.2306222
 73 067.7634167 -12.9739222
 74 067.7643750 -13.1891583
 75 067.7712500 -13.5876333
 76 067.7737083 -12.1756778
 77 067.7911667 -12.8974472
 78 067.7932500 -12.9314472
 79 067.7946250 -12.6558944
 80 067.8064583 -12.3581500
 81 067.8076250 -13.3692611
 82 067.8080833 -12.4337056
 83 067.8091250 -12.8882611
 84 067.8131250 -13.2060694
 85 067.8190417 -12.4552500
 86 067.8235833 -13.0686278
 87 067.8282500 -12.1021028
 88 067.8342917 -12.4898556
 89 067.8422083 -12.5215556
 90 067.8487917 -13.0704000
 91 067.8502917 -12.4288167
 92 067.8508750 -13.4983639
 93 067.8552083 -13.1899500
 94 067.8656250 -12.3003694
 95 067.8672500 -12.4620944
 96 067.8676667 -13.2665111
 97 067.8743333 -12.7622139
 98 067.8774583 -12.8449583
 99 067.8777083 -13.1728222
100 067.8818333 -12.4489333
101 067.8835000 -13.2427944
102 067.8867917 -12.8896083
103 067.8881250 -13.1848806
104 067.8886250 -12.4636639
105 067.8893333 -13.2712972
106 067.9022083 -13.1492389
107 067.9132500 -12.3403667
108 067.9135000 -12.7861722
109 067.9174167 -12.2553972
110 067.9185833 -13.1197000
111 067.9202500 -12.5006194
112 067.9220000 -12.9271056
113 067.9244167 -13.1400639
114 067.9292500 -12.5441778
115 067.9295833 -13.1196500
116 067.9329167 -12.7789861
117 067.9352500 -12.6824389
118 067.9360833 -13.1105417
119 067.9365417 -12.7596694
120 067.9369583 -13.0048194
121 067.9372500 -12.7533472
122 067.9411250 -13.3741389
123 067.9419583 -12.7591361
124 067.9422500 -13.2464611
125 067.9425000 -13.6357389
126 067.9427500 -13.0807667
127 067.9506250 -12.6148250
128 067.9511250 -12.4551583
129 067.9524167 -12.9214111
130 067.9564583 -13.1515806
131 067.9587083 -13.6555806
132 067.9600000 -12.7317194
133 067.9665417 -12.1494167
134 067.9716250 -12.8060861
135 067.9805000 -13.4482306
136 067.9814583 -13.1849250
137 067.9903333 -12.9528444
138 067.9911667 -13.2707528
139 067.9912500 -12.8188028
140 067.9922500 -12.7318139
141 067.9928333 -12.2476750
142 067.9976667 -12.4420444
143 068.0056667 -13.0608528
144 068.0061250 -13.1058167
145 068.0117083 -13.4963000
146 068.0167917 -13.3420528
147 068.0199583 -13.1717139
148 068.0247083 -13.3599722
149 068.0260417 -12.3191389
150 068.0274583 -12.2157417
151 068.0274583 -13.0828583
152 068.0337500 -12.7423389
153 068.0400417 -12.6956194
154 068.0412083 -12.8607583
155 068.0480833 -13.1321194
156 068.0627917 -13.8378500
157 068.0655417 -13.4005333
158 068.0669583 -13.0062417
159 068.0674167 -12.2713972
160 068.0842083 -13.2361694
161 068.0900417 -13.1500861
162 068.0910000 -13.2633083
163 068.1004583 -13.5217028
164 068.1013750 -12.7808250
165 068.1103333 -13.7558444
166 068.1132500 -13.2657472
167 068.1156250 -12.6454139
168 068.1213750 -13.3930056
169 068.1237917 -13.5210472
170 068.1251667 -13.2926028
171 068.1314167 -13.2069389
172 068.1340417 -12.4268917
173 068.1436667 -13.7380278
174 068.1509167 -12.5432250
175 068.1513333 -13.4531694
176 068.1514583 -13.1989722
177 068.1556250 -13.1841722
178 068.1727083 -12.7548972
179 068.1865000 -13.1905194
180 068.2008333 -12.7144167
181 068.2022500 -12.3889167
182 068.2043333 -12.7053361
183 068.2047083 -13.2955278
184 068.2049583 -12.8271944
185 068.2056667 -12.2054444
186 068.2111250 -12.9097944
187 068.2131667 -13.0518944
188 068.2165417 -13.0147833
189 068.2205000 -13.3759528
190 068.2220417 -13.0679000
191 068.2232500 -13.7754139
192 068.2255000 -13.3973639
193 068.2266250 -12.9812528
194 068.2271667 -13.3020917
195 068.2279583 -13.3151528
196 068.2309583 -13.2906250
197 068.2335417 -13.0160083
198 068.2336250 -13.6104583
199 068.2367500 -12.7779639
200 068.2409583 -13.2052083
201 068.2459167 -13.3055111
202 068.2477917 -12.9911306
203 068.2485833 -13.7088611
204 068.2505833 -13.2666889
205 068.2528333 -12.9160778
206 068.2578750 -12.7169472
207 068.2693333 -13.2661139
208 068.2770000 -13.5989861
209 068.2788333 -13.2106583
210 068.2855833 -12.3656500
211 068.2862917 -13.3959722
212 068.2867083 -13.0431917
213 068.2872917 -13.3637528
214 068.2881250 -13.6226500
215 068.2900000 -12.7436778
216 068.2953750 -13.2360111
217 068.2970417 -13.0651833
218 068.2979583 -13.4668778
219 068.3101250 -13.3303556
220 068.3131667 -13.3549806
221 068.3142917 -13.4630417
222 068.3167500 -12.5872750
223 068.3178333 -13.0677778
224 068.3199583 -13.1516750
225 068.3224167 -12.9833528
226 068.3242500 -13.3828083
227 068.3246250 -13.1308639
228 068.3277917 -13.5131028
229 068.3280417 -13.5494944
230 068.3288750 -13.2909472
231 068.3297500 -13.2761667
232 068.3324583 -13.3270111
233 068.3340000 -13.4395194
234 068.3345833 -13.0539639
235 068.3352500 -13.3473028
236 068.3390000 -13.0712861
237 068.3396250 -13.2203750
238 068.3427917 -13.0136194
239 068.3450417 -13.3940139
240 068.3473750 -13.3390250
241 068.3490833 -13.3270861
242 068.3494583 -13.5173694
243 068.3537500 -13.2282167
244 068.3549583 -12.8059306
245 068.3565417 -13.5154556
246 068.3566250 -13.6860167
247 068.3605417 -13.2882111
248 068.3671667 -13.4663361
249 068.3683750 -13.4554667
250 068.3690417 -12.9395222
251 068.3710000 -13.4466306
252 068.3712083 -13.6872722
253 068.3720833 -12.7139111
254 068.3788333 -13.3794444
255 068.3802917 -13.4222278
256 068.3803333 -12.8476389
257 068.3805000 -13.1208361
258 068.3809583 -13.2816750
259 068.3835833 -13.1719639
260 068.3835833 -13.2550194
261 068.3884583 -13.2869861
262 068.3897083 -13.3145861
263 068.3902500 -12.4854333
264 068.3913333 -13.3807528
265 068.3990417 -13.4256472
266 068.4002917 -13.2453722
267 068.4003333 -13.2359278
268 068.4011667 -13.3251000
269 068.4016250 -12.9673194
270 068.4023750 -12.9490083
271 068.4034583 -13.0167722
272 068.4038333 -13.3568722
273 068.4047917 -13.1795583
274 068.4052500 -13.0792056
275 068.4052917 -13.0044833
276 068.4056667 -13.2556750
277 068.4060417 -12.9990056
278 068.4065417 -13.2504000
279 068.4077083 -13.2609611
280 068.4102083 -13.2637500
281 068.4102500 -13.0443472
282 068.4104167 -13.5960694
283 068.4108333 -13.5265694
284 068.4112083 -13.0531972
285 068.4114583 -12.5346333
286 068.4147500 -13.2701611
287 068.4148333 -13.3421056
288 068.4204583 -13.3001861
289 068.4222917 -13.3518611
290 068.4223750 -12.9294361
291 068.4227500 -13.1701944
292 068.4231250 -13.2646417
293 068.4251250 -13.2815972
294 068.4277500 -13.3396639
295 068.4282500 -13.1463306
296 068.4289583 -13.0871667
297 068.4290417 -12.6343833
298 068.4308333 -13.5745778
299 068.4316667 -12.7022444
300 068.4366667 -13.5637472
301 068.4368750 -12.9947028
302 068.4375000 -13.3966528
303 068.4401667 -13.0949944
304 068.4446250 -13.2989056
305 068.4522917 -13.4342194
306 068.4537917 -13.2072806
307 068.4543750 -13.0889472
308 068.4616667 -13.5433972
309 068.4635833 -13.2481583
310 068.4667500 -11.7048222
311 068.4697917 -13.2565194
312 068.4835000 -12.6521306
313 068.4872083 -13.3220778
314 068.4875417 -13.4624361
315 068.4907917 -13.6633833
316 068.4927500 -13.4260694
317 068.4959167 -13.1074694
318 068.5044583 -12.4051139
319 068.5065417 -13.2333528
320 068.5077500 -13.0159194
321 068.5083333 -13.2966944
322 068.5128750 -13.2197694
323 068.5158750 -13.4631194
324 068.5195833 -13.0342417
325 068.5301250 -13.4431833
326 068.5301667 -13.2539861
327 068.5324583 -13.6002639
328 068.5375833 -13.2804361
329 068.5391667 -13.5724056
330 068.5405417 -13.0057250
331 068.5414167 -13.2430750
332 068.5415833 -12.8615194
333 068.5433750 -13.3701861
334 068.5540833 -12.8555528
335 068.5543750 -13.1678028
336 068.5583750 -13.4926917
337 068.5631667 -13.4180528
338 068.5640833 -13.1400000
339 068.5674167 -13.7169750
340 068.5786250 -13.4064556
341 068.5819167 -12.7995194
342 068.5873750 -12.9921222
343 068.5888750 -13.3542806
344 068.5894167 -13.4153944
345 068.5894167 -13.5856750
346 068.5922083 -13.3032083
347 068.5997500 -13.2584944
348 068.6054583 -13.4592417
349 068.6109167 -13.4056056
350 068.6298750 -12.9523083
351 068.6370417 -13.0306056
352 068.6380417 -12.4433417
353 068.6390000 -13.0614472
354 068.6488333 -13.3554028
355 068.6564167 -13.2097944
356 068.6624583 -13.6451028
357 068.6720833 -13.5414694
358 068.6805000 -12.4988889
359 068.6831667 -13.0374722
360 068.6852083 -13.0859472
361 068.6897917 -13.0963639
362 068.6900000 -12.7120056
363 068.6944583 -13.4844806
364 068.6978333 -12.2146028
365 068.7007083 -13.5670111
366 068.7025417 -13.4309833
367 068.7057917 -13.8128694
368 068.7072083 -12.7823556
369 068.7085000 -13.1891528
370 068.7157083 -12.3657194
371 068.7252083 -13.1292694
372 068.7320833 -13.1910361
373 068.7436667 -12.1836194
374 068.7498333 -12.4695083
375 068.7595417 -12.1178194
376 068.7622083 -12.8975583
377 068.7626250 -12.9017278
378 068.7648333 -13.6556333
379 068.7732500 -13.4706694
380 068.7743333 -13.1815167
381 068.7785833 -13.3940278
382 068.7847083 -13.2949361
383 068.7860833 -13.3101694
384 068.7955000 -13.3336639
385 068.7956250 -13.7552194
386 068.7959583 -13.2441028
387 068.8160833 -13.8322556
388 068.8188333 -13.3855083
389 068.8197917 -13.0705639
390 068.8248333 -13.0457889
391 068.8317500 -13.8612167
392 068.8496667 -13.7712972
393 068.8548333 -12.4282417
394 068.8597083 -13.2404444
395 068.8850000 -13.5562611
396 068.8883750 -12.9282833
397 068.8892083 -13.4485972
398 068.9093333 -13.2231889
399 068.9262500 -12.0441306
400 068.9481250 -12.5022778
401 068.9529583 -13.4086278
402 068.9667500 -13.3297722
403 068.9725417 -13.5960167
404 068.9738750 -13.2768028
405 068.9791250 -12.0726500
406 068.9867500 -13.3301417
407 069.0104167 -13.8675806
408 069.0169583 -13.7258806
409 069.0365417 -13.7126972
410 069.0577083 -13.0992028
411 069.0677083 -13.0422083
412 069.0832083 -12.3698833
413 069.0839583 -12.4979389
414 069.0934583 -12.7070528
415 069.1110417 -12.4850889
416 069.1189167 -13.1510389
417 069.1239583 -13.0660944
418 069.1248750 -12.3087611
419 069.1640833 -12.2495806
420 069.1892500 -12.8887556
421 069.2009583 -13.2586583
422 069.2027917 -12.2850944
423 069.2044167 -13.0003278
424 069.2192500 -13.2858083
425 069.2485833 -12.9482639
426 069.3037500 -13.0100500
427 069.3361667 -13.6117778
428 069.3361667 -13.6840833
429 069.3395833 -13.4545306
430 069.3588750 -12.7364583
431 069.3643333 -13.1420972
432 069.3645417 -12.1031833
433 069.3970833 -13.4357806
434 069.4580000 -13.2872250
435 069.4680417 -12.7182778
436 069.4779167 -13.4477056
437 069.4877500 -12.9918500
438 069.5060417 -12.4490694
439 069.5167917 -13.2204750
440 069.5201667 -12.5771583
441 069.5257083 -12.8842278
442 069.5449583 -12.0537222
443 069.5644583 -12.8374139
444 069.5821667 -13.2670889
445 069.5849583 -13.5288111
446 069.6186250 -12.3240000
447 069.6187500 -14.4106250
448 069.6198750 -12.2845278
449 069.6456667 -12.9212556
450 069.6538333 -13.2922611
451 069.6810833 -12.3500222
452 069.6997500 -13.1382556
453 069.7019583 -13.6685333
454 069.7292917 -13.1713806
455 069.7398333 -12.9802722
456 069.7415833 -13.6132750
457 069.7482500 -12.7675556
458 069.7885417 -12.5227861
459 069.7904167 -13.4390472
460 069.8003750 -11.9956222
461 069.8095417 -13.5060556
462 069.8114583 -12.9895028
463 069.8997500 -12.5491028
464 069.9180000 -13.2503306
465 069.9218750 -12.4469722
466 070.7458333 -12.7707500
