# ID                   X_IMAGE    Y_IMAGE    A_IMAGE B_IMAGE RA_1     DEC_1     ELLIP THETA_J00 THETA_IMG ISOAREA_IMG ISOAREAF_IMG A_IMAGE_J
  ID_J04304508_1237380 12443.2227 13654.4141 15.912  10.843  67.68796 -12.62737 0.319 -88.57    1.32      5166        5878         15.912
  ID_2MFGC_03671       12077.6475 4842.9409  27.645  7.1     67.71779 -13.36164 0.743 -33.52    56.42     5195        5402         27.645
  ID_IC_0375           11554.8721 9496.3633  20.454  12.717  67.76308 -12.97397 0.378 58.36     -31.7     7902        8307         20.454
  ID_AGC_440516        11536.9648 6912.2402  13.986  2.256   67.76426 -13.18904 0.839 -68.81    21.11     467         503          13.986
  ID_J04311065_1239202 11195.8643 13315.1924 11.406  10.65   67.79442 -12.65564 0.066 -57.66    32.31     1734        1901         11.406
  ID_SDG99_SRC_0759    10887.3418 596.2642   11.108  3.958   67.81904 -13.71544 0.644 -75.15    14.77     592         650          11.108
  ID_J04312373_1304132 10552.8359 8339.1416  15.17   11.269  67.84883 -13.07039 0.257 -68.94    21.0      3192        3437         15.17
  ID_J04312983_1245442 10257.2139 12040.0713 10.002  7.696   67.87438 -12.76228 0.231 75.64     -14.42    1324        1455         10.002
  ID_B042910_125704    10224.2451 11045.71   8.545   3.142   67.87705 -12.84493 0.632 5.79      -84.28    412         447          8.545
  ID_B042912_132056    10145.6309 6270.4521  9.87    3.079   67.88333 -13.24274 0.688 -43.4     46.56     526         562          9.87
  ID_J04313277_253222  10114.457  10510.5723 12.234  4.833   67.8865  -12.8895  0.605 -2.77     87.16     1194        1263         12.234
  ID_B042921_131332    9740.6963  7749.5942  8.616   3.297   67.91819 -13.11965 0.617 48.54     -41.49    515         564          8.616
  ID_MCG_02_12_035     9547.5664  12994.8682 32.815  4.694   67.93521 -12.68261 0.857 89.64     -0.42     4618        4849         32.815
  ID_J04314473_1245352 9531.1953  12069.3789 8.702   7.965   67.93646 -12.75975 0.085 -2.54     87.4      1988        2122         8.702
  ID_J04314493_1245112 9522.0498  12146.9141 9.355   4.486   67.93729 -12.75322 0.521 -36.11    53.86     978         1026         9.355
  ID_J04314592_1322282 9466.3457  4693.9199  8.516   8.16    67.94137 -13.37444 0.042 -55.34    34.63     1747        1906         8.516
  ID_J04314850_1255182 9347.9395  10124.4258 8.455   6.162   67.95204 -12.92181 0.271 -75.8     14.16     1156        1236         8.455
  ID_J04315796_1249068 8887.9062  11363.1572 18.401  9.443   67.99146 -12.81858 0.487 15.43     -74.61    5079        5625         18.401
  ID_J04320278_1329478 8645.1865  3225.3079  10.608  6.261   68.01162 -13.49672 0.41  -33.16    56.82     1248        1305         10.608
  ID_J04320485_1310198 8547.7715  7121.813   12.392  10.065  68.02025 -13.17214 0.188 -76.66    13.31     3761        4074         12.392
  ID_J04320656_1304588 8465.1592  8189.2446  14.006  3.809   68.02742 -13.08306 0.728 40.86     -49.16    1196        1271         14.006
  ID_MCG_02_12_036     8321.8594  12849.1992 24.448  9.842   68.03992 -12.69497 0.597 8.19      -81.85    4014        4595         24.448
  ID_J04321156_1307568 8221.9287  7598.6138  10.947  10.397  68.04812 -13.13244 0.05  -13.33    76.64     1772        2032         10.947
  ID_J04321574_1324028 8014.9727  4377.0635  17.327  7.035   68.06567 -13.40081 0.594 -57.72    32.27     3483        3730         17.327
  ID_J04322039_1314108 7796.0195  6350.6895  13.981  6.624   68.08487 -13.23639 0.526 80.12     -9.91     1485        1666         13.981
  ID_J04322170_1309011 7728.5547  7383.3955  11.042  7.102   68.09042 -13.15033 0.357 -83.75    6.23      1545        1770         11.042
  ID_J04322397_1246481 7620.0083  11827.2041 15.486  13.885  68.09983 -12.78003 0.103 18.96     -71.06    5391        6011         15.486
  ID_J04322717_1315581 7459.0342  5995.1802  12.923  7.956   68.11335 -13.26595 0.384 14.46     -75.56    3282        3537         12.923
  ID_LCSB_S0740N       7438.6499  13444.5684 11.31   6.046   68.11529 -12.64531 0.465 -27.75    62.24     1385        1474         11.31
  ID_J04322915_1323361 7363.7402  4467.5942  12.878  5.238   68.12147 -13.39328 0.593 85.72     -4.3      2312        2423         12.878
  ID_J04323156_1312251 7247.6074  6702.5083  15.548  11.763  68.1315  -13.20703 0.243 -74.35    15.64     4105        4389         15.548
  ID_J04323635_1311561 7014.0962  6799.3105  15.956  5.748   68.1515  -13.19894 0.64  -26.47    63.52     2563        2764         15.956
  ID_B043028_124909    6436.8667  12615.3398 8.415   7.776   68.20041 -12.71455 0.076 -38.46    51.56     707         886          8.415
  ID_B043030_132401    6394.7847  5645.9326  10.86   4.443   68.2044  -13.29569 0.591 -6.77     83.23     869         950          10.86
  ID_J04325071_1254351 6316.2822  10268.7627 14.259  8.305   68.21119 -12.91    0.418 49.16     -40.84    4160        4478         14.259
  ID_J04325293_1322334 6207.7627  4675.5146  11.138  7.444   68.22054 -13.37597 0.332 45.66     -44.34    2943        3187         11.138
  ID_J04325446_1258524 6132.2124  9412.4453  14.616  6.076   68.22696 -12.98125 0.584 -41.8     48.2      2406        2526         14.616
  ID_J04325458_1318074 6127.4092  5562.8115  11.483  8.111   68.22742 -13.30206 0.294 17.92     -72.07    2155        2322         11.483
  ID_J04325613_1336384 6053.145   1858.3281  15.498  13.445  68.23392 -13.61069 0.132 -37.79    52.22     4307        4604         15.498
  ID_MCG_02_12_037     6017.1265  11851.2139 24.858  12.981  68.23675 -12.77814 0.478 60.51     -29.49    6696        7044         24.858
  ID_J04325787_1312174 5965.7202  6728.1895  14.029  10.181  68.24112 -13.20481 0.274 40.06     -49.94    2365        2621         14.029
  ID_J04325976_1342324 5877.4238  678.0797   13.894  5.226   68.24904 -13.70906 0.624 -15.93    74.08     1441        1594         13.894
  ID_J04330006_1315594 5861.3516  5987.6113  13.135  5.859   68.25021 -13.26658 0.554 -56.5     33.51     2500        2712         13.135
  ID_2MFGC_03705       5767.877   12584.3926 23.101  4.907   68.25833 -12.71675 0.788 45.18     -44.82    2194        2346         23.101
  ID_2MFGC_03707       5546.2524  1997.0216  29.813  5.19    68.27738 -13.59925 0.826 -27.68    62.33     4504        4771         29.813
  ID_B043049_133002    5440.7539  4434.2915  8.684   4.536   68.28621 -13.396   0.478 -68.66    21.36     803         874          8.684
  ID_J04330883_1302354 5431.7163  8668.7871  14.188  3.098   68.28687 -13.04322 0.782 5.34      -84.64    942         1018         14.188
  ID_J04330916_1337214 5419.3926  1713.5619  13.401  5.338   68.28825 -13.62272 0.602 47.12     -42.87    1551        1676         13.401
  ID_B043051_132025    5328.3438  6352.9897  10.841  2.918   68.29539 -13.23623 0.731 -82.8     7.23      455         507          10.841
  ID_J04331129_1303544 5313.5571  8404.665   12.909  7.435   68.29704 -13.06517 0.424 -78.39    11.63     3009        3258         12.909
  ID_J04331547_1327474 5112.3408  3628.8118  12.84   5.345   68.31446 -13.46317 0.584 -63.79    26.23     2204        2370         12.84
  ID_J04331629_1304044 5070.3511  8372.9697  12.228  10.454  68.31788 -13.06789 0.145 82.81     -7.16     2830        3053         12.228
  ID_2MFGC_03708       5038.9106  7366.875   22.53   5.777   68.3205  -13.15178 0.744 29.42     -60.56    4349        4713         22.53
  ID_J04331731_1259004 5018.6528  9387.0459  27.01   8.358   68.3225  -12.9836  0.691 46.72     -43.26    4788        5059         27.01
  ID_J04331787_1322584 4992.8657  4590.7827  11.022  10.221  68.32454 -13.38297 0.073 29.62     -60.37    2692        2861         11.022
  ID_J04331793_1307524 4989.5972  7613.3228  13.725  7.146   68.32475 -13.13117 0.479 -78.38    11.65     1865        2015         13.725
  ID_J04331869_1330474 4955.1689  3029.3142  20.097  11.759  68.32792 -13.51314 0.415 -36.97    53.05     6108        6572         20.097
  ID_J04331876_1332584 4953.5024  2591.7617  14.321  8.851   68.32812 -13.54958 0.382 -89.61    0.42      3877        4503         14.321
  ID_J04331924_1316344 4928.3203  5870.8252  10.345  9.182   68.33012 -13.27631 0.112 -15.54    74.49     2578        2741         10.345
  ID_J04332020_1326224 4882.5972  3913.4297  15.53   9.931   68.33417 -13.4395  0.36  -32.24    57.78     2845        3214         15.53
  ID_AGC_440535        4725.9546  5118.3633  18.631  4.72    68.34726 -13.33919 0.747 26.05     -63.92    1332        1473         18.631
  ID_J04332373_1330550 4700.8018  2977.9766  20.157  3.878   68.34949 -13.51748 0.808 -18.83    71.2      1595        1711         20.157
  ID_J04332542_1341090 4627.0454  954.5471   15.592  6.601   68.35596 -13.68586 0.577 -88.68    1.36      1598        1818         15.592
  ID_J04332563_1330560 4618.3574  3000.9836  15.543  3.982   68.35679 -13.51553 0.744 -81.94    8.1       1745        1845         15.543
  ID_J04333098_1322460 4358.1055  4633.0156  10.369  8.164   68.37904 -13.37944 0.213 -36.85    53.18     3253        3507         10.369
  ID_GIN_195           4300.2251  7120.1577  11.015  8.996   68.38383 -13.17242 0.183 -70.54    19.49     3574        3964         11.015
  ID_J04333393_1322510 4213.3184  4616.0913  9.574   4.663   68.39142 -13.38086 0.513 73.19     -16.77    1484        1589         9.574
  ID_J04333578_1325260 4125.2935  4099.2402  9.663   6.426   68.39895 -13.42386 0.335 -79.2     10.84     1958        2078         9.663
  ID_J04333640_1258020 4088.0764  9578.1318  15.35   4.137   68.40167 -12.96728 0.73  -64.48    25.55     2039        2130         15.35
  ID_B043117_130310    4082.0579  9798.375   9.986   3.311   68.40205 -12.94907 0.668 17.45     -72.51    508         554          9.986
  ID_MCG_02_12_039     4022.3799  6042.8174  33.759  21.643  68.40768 -13.26194 0.359 -1.77     88.28     18279       20096        33.759
  ID_B043119_134159    3990.7065  2034.0051  10.895  4.863   68.41034 -13.5962  0.554 66.51     -23.45    679         793          10.895
  ID_J04333866_1331360 3986.8755  2866.9666  9.172   3.573   68.411   -13.52664 0.61  -7.98     82.07     945         1014         9.172
  ID_J04333872_1303120 3976.4255  8545.7764  14.594  4.853   68.41138 -13.05336 0.667 73.67     -16.29    2021        2131         14.594
  ID_GIN_194           3841.5115  7144.3896  13.713  10.976  68.42316 -13.17007 0.2   -58.89    31.14     5064        5465         13.713
  ID_J04334277_1320240 3784.7124  5107.6396  9.665   7.149   68.42812 -13.33992 0.26  -13.63    76.42     2838        3050         9.665
  ID_B043125_134003    3689.8816  2420.1697  9.292   6.639   68.43615 -13.56387 0.286 -62.92    27.13     988         1133         9.292
  ID_J04335082_1332359 3397.2336  2664.4929  8.884   6.679   68.46167 -13.54331 0.248 -65.08    24.97     1003        1111         8.884
  ID_J04335138_1314539 3363.0388  6206.687   10.781  8.693   68.46408 -13.24825 0.194 46.73     -43.24    3237        3516         10.781
  ID_J04335614_1239069 3123.6428  13360.8125 11.413  4.178   68.48387 -12.65203 0.634 -56.94    33.1      1188        1252         11.413
  ID_GIN_192           3090.1499  3636.0498  13.978  12.963  68.48771 -13.46269 0.073 85.76     -4.17     5340        5911         13.978
  ID_J0434020_131747   2842.325   5627.2422  17.291  14.654  68.50833 -13.29638 0.153 48.48     -41.48    3923        4263         17.291
  ID_AGC_440541        2796.3149  9392.8809  12.675  3.04    68.51214 -12.98263 0.76  20.54     -69.4     727         789          12.675
  ID_J04340981_1251419 2455.0227  10847.1377 13.696  3.147   68.54096 -12.86164 0.77  62.04     -27.91    806         859          13.696
  ID_J04340988_1314349 2461.5916  6268.7759  9.483   4.121   68.54121 -13.24303 0.565 -74.34    15.73     1018        1121         9.483
  ID_GIN_190           2437.3723  4744.6196  13.942  13.49   68.54349 -13.36996 0.032 -17.27    72.77     5747        6496         13.942
  ID_B043156_133116    2205.96    4166.9673  8.406   3.419   68.56304 -13.41814 0.593 78.28     -11.64    474         527          8.406
  ID_J04341972_1247579 1976.0415  11590.915  12.133  9.082   68.58213 -12.79948 0.251 81.74     -8.17     3488        3740         12.133
  ID_J04342148_1335087 1904.5079  2155.0273  8.243   7.022   68.5895  -13.58575 0.148 49.73     -40.22    1438        1575         8.243
  ID_B043222_133839    938.9355   2684.4878  10.447  3.982   68.6719  -13.54158 0.619 -63.37    26.71     725         810          10.447
  ID_J04344444_1305087 776.1958   8150.4312  9.66    2.707   68.68517 -13.08578 0.72  -24.61    65.47     584         631          9.66
  ID_J04344671_1329047 675.58     3366.467   15.264  11.601  68.69461 -13.48462 0.24  -43.45    46.61     6176        6997         15.264
  ID_J04344823_1334017 604.1026   2376.6558  12.769  7.355   68.70092 -13.56706 0.424 -61.57    28.51     2446        2686         12.769
  ID_J04344863_1325517 581.3916   4009.8889  12.397  3.254   68.70258 -13.43097 0.738 81.13     -8.75     843         905          12.397
